,INDEX,Hydrophobic_Interaction:ASP74A,Hydrogen_Bond:TYR124A,Water_Bridge:ASP74A,Hydrogen_Bond:ASP74A,Pi-Stacking:TRP86A,Pi-Stacking:TRP286A,Hydrophobic_Interaction:TYR124A,Water_Bridge:SER125A,Pi-Stacking:TYR341A,Water_Bridge:GLY120A,Water_Bridge:SER293A,Hydrogen_Bond:SER125A,Hydrogen_Bond:TYR341A,Hydrophobic_Interaction:PHE297A,Hydrophobic_Interaction:VAL294A,Hydrophobic_Interaction:LEU289A,Pi-Stacking:TYR337A,Pi-Cation_Interaction:TRP86A,Hydrophobic_Interaction:TYR337A,Hydrophobic_Interaction:TYR72A,Hydrophobic_Interaction:PHE338A,Hydrophobic_Interaction:TRP86A,Hydrophobic_Interaction:TRP286A,Water_Bridge:ARG296A,Hydrogen_Bond:SER203A,Water_Bridge:SER203A,Hydrogen_Bond:HIS447A,Hydrogen_Bond:SER293A,Water_Bridge:GLY122A,Hydrophobic_Interaction:ILE451A,Pi-Stacking:TYR124A,Hydrogen_Bond:PHE295A,Hydrophobic_Interaction:PHE295A,Hydrogen_Bond:TYR337A,Water_Bridge:HIS447A,Pi-Stacking:HIS447A,Pi-Stacking:PHE338A,Hydrophobic_Interaction:TYR341A,Hydrogen_Bond:ARG296A,Pi-Cation_Interaction:TYR337A,LABEL,PRED
0,0,0,0,0,0,0,0,1,0,0,0,0,0,0,0,0,0,2,0,1,0,0,0,1,0,1,0,1,0,0,0,0,0,0,0,0,0,1,1,0,0,1,0
1,1,0,1,4,0,1,1,0,0,0,0,0,0,0,1,0,0,0,0,1,1,1,1,1,0,1,0,1,0,0,0,0,1,0,0,0,0,0,1,1,0,1,1
2,2,0,0,0,0,0,1,1,0,0,0,0,0,0,1,0,1,0,0,1,0,1,1,0,0,0,0,0,0,0,0,0,1,0,0,0,1,2,1,1,0,0,1
3,3,0,1,2,0,1,1,0,0,1,2,0,0,0,0,0,0,0,0,1,1,0,1,0,0,0,0,0,0,1,0,1,1,0,0,0,0,0,1,0,0,0,1
4,4,0,0,0,0,1,1,0,0,0,0,0,0,0,1,0,0,0,0,1,1,1,1,0,0,0,0,0,0,0,0,0,1,0,0,0,0,0,1,0,0,1,1
5,5,0,0,1,0,0,0,0,0,0,0,0,0,0,1,0,0,0,2,1,0,0,1,1,0,0,0,0,0,0,0,1,0,0,0,0,0,0,1,0,0,1,1
6,6,1,0,1,0,3,3,0,0,0,0,0,0,0,1,0,1,0,0,1,1,1,1,1,0,0,0,0,0,0,0,0,1,0,0,0,0,0,1,1,0,1,1
7,7,0,0,4,0,0,1,0,1,0,0,0,0,0,0,0,0,0,0,0,1,0,1,1,0,0,0,0,0,0,0,0,0,0,0,0,0,0,0,0,0,0,1
8,8,0,0,1,0,2,2,0,0,0,0,1,0,0,0,1,0,0,0,1,1,1,1,1,1,1,0,0,0,0,0,0,0,0,0,0,0,0,1,0,0,1,1
9,9,0,1,2,0,0,0,0,1,0,0,0,0,0,0,0,0,0,0,0,1,0,1,1,0,1,0,1,0,1,0,0,0,0,0,0,0,0,1,0,0,0,1
10,10,0,2,3,0,1,0,1,1,0,0,0,0,0,0,1,0,2,0,1,0,1,1,1,0,0,0,0,0,0,0,0,0,0,0,0,0,0,1,0,0,0,0
11,11,0,1,3,0,1,1,0,0,0,0,0,1,0,0,0,0,0,0,1,1,1,1,0,0,1,0,0,0,0,0,0,0,0,0,0,0,0,1,0,0,0,1
12,12,1,1,3,0,2,0,1,0,0,0,0,0,1,0,0,1,0,0,1,1,0,1,1,0,0,0,0,0,0,0,0,1,0,0,1,1,0,1,1,0,0,0
13,13,0,1,1,0,1,1,0,0,0,0,0,0,0,0,0,0,0,1,1,0,0,1,1,0,0,0,0,1,0,0,0,0,0,0,0,0,0,1,0,1,1,1
14,14,0,0,0,0,0,2,1,0,0,1,0,0,0,1,0,0,0,0,1,0,1,1,1,1,1,0,0,0,2,0,0,0,1,0,0,1,0,1,0,0,1,1
15,15,0,1,2,0,2,0,0,0,1,1,0,1,0,0,0,0,0,0,0,1,1,1,1,0,0,0,0,0,0,0,0,0,0,0,0,0,0,1,0,0,1,1
16,16,0,1,4,0,2,1,1,1,1,0,0,0,0,1,0,0,0,0,1,0,1,1,0,1,0,0,0,0,0,0,0,1,0,0,0,0,0,0,0,0,0,0
17,17,1,1,3,0,1,0,1,0,1,0,0,1,0,0,0,0,0,0,0,0,1,1,0,0,0,0,0,0,0,0,0,0,0,0,0,0,0,1,0,0,0,0
18,18,1,1,4,1,0,0,1,0,0,0,0,0,0,0,0,1,0,0,1,0,1,1,1,0,0,0,0,0,0,0,0,1,0,0,0,1,0,1,1,0,0,0
19,19,0,0,1,0,2,0,0,0,0,0,1,0,0,1,0,1,0,0,1,0,1,1,1,0,0,0,0,0,0,0,0,1,0,0,0,0,0,1,1,0,1,1
20,20,0,0,0,0,0,1,0,0,1,0,1,0,0,0,0,0,0,2,1,0,1,1,1,0,0,0,0,0,0,0,0,1,0,0,0,0,0,1,0,0,1,1
21,21,1,0,0,1,0,0,0,0,0,0,0,0,0,0,0,0,0,0,0,1,0,1,1,0,1,0,0,0,0,0,0,0,0,1,0,0,0,1,0,0,0,0
22,22,0,1,0,0,0,0,0,0,0,0,0,0,0,1,0,0,1,0,1,0,1,1,1,0,0,0,1,0,2,0,0,1,0,0,0,0,1,1,1,0,0,0
23,23,0,0,0,0,2,4,0,1,0,2,0,0,0,0,0,1,0,0,1,1,1,1,1,0,1,0,0,0,0,0,0,0,0,0,0,0,0,1,0,0,1,1
24,24,0,0,1,0,2,1,0,0,0,0,0,0,0,0,0,1,0,0,1,0,1,1,1,0,0,0,0,0,0,0,0,1,0,0,0,0,0,1,1,0,1,1
25,25,1,1,3,0,2,1,0,0,0,0,0,1,0,1,0,0,0,0,1,1,1,1,1,0,0,0,0,0,0,0,0,0,0,0,0,0,0,1,0,0,1,0
26,26,1,0,1,0,3,1,1,0,0,0,0,0,1,0,0,0,0,0,1,0,1,1,1,0,0,0,0,0,0,0,0,1,0,1,0,0,0,1,1,0,1,0
27,27,0,0,1,0,2,3,0,0,0,0,0,0,0,0,0,0,0,0,1,0,1,1,0,0,0,0,1,0,0,0,0,1,0,0,0,0,0,1,1,1,1,1
28,28,0,1,0,1,0,0,0,0,0,0,0,0,0,1,0,0,0,0,1,0,1,1,1,0,1,0,0,0,0,1,0,0,1,1,2,0,0,1,0,0,0,0
29,29,0,0,0,0,3,1,0,0,0,0,0,0,0,0,0,1,0,0,1,0,1,1,1,0,0,0,0,0,0,1,0,0,0,0,0,0,0,1,0,0,1,1
30,30,1,0,0,0,1,0,1,0,0,0,1,0,0,0,0,1,0,0,1,0,1,1,1,0,1,0,1,0,0,0,0,1,0,0,0,0,0,1,0,0,0,1
31,31,1,1,0,0,1,0,1,0,0,0,0,0,0,1,0,0,1,0,0,0,1,1,1,0,0,1,0,0,0,0,0,1,0,0,0,0,0,1,0,0,0,0
32,32,0,1,3,0,3,0,0,1,0,1,0,0,0,0,0,0,0,0,1,0,1,1,1,0,0,0,0,0,0,0,0,0,0,0,0,0,0,1,0,0,1,1
33,33,0,0,1,0,2,0,0,0,0,0,1,0,0,0,0,1,0,0,1,0,1,1,1,1,0,0,0,0,0,0,0,1,0,0,0,0,0,1,0,0,1,1
34,34,0,0,0,0,0,2,0,0,0,1,0,0,0,0,0,1,0,0,1,1,1,1,1,0,0,0,1,0,0,1,0,0,0,0,0,0,0,1,0,0,1,1
35,35,0,0,2,0,0,2,0,0,0,0,0,0,0,1,0,0,0,0,1,0,1,1,1,0,0,0,1,0,0,0,0,0,0,1,0,0,0,1,0,0,1,1
36,36,0,0,6,0,2,2,0,0,0,1,0,0,1,0,0,1,0,0,0,1,0,1,1,1,0,0,0,0,0,0,0,0,0,0,0,0,0,1,0,0,1,1
37,37,0,0,1,0,0,0,0,0,0,0,0,0,0,0,0,0,1,0,1,1,1,1,1,1,0,0,0,0,0,0,0,0,0,0,0,0,0,0,0,0,0,1
38,38,0,1,1,0,0,1,0,0,2,0,0,0,2,0,0,0,0,2,1,1,1,1,1,0,0,1,0,0,0,0,0,0,0,1,0,0,0,0,0,0,1,1
39,39,0,1,5,0,1,1,0,0,0,0,0,1,0,0,0,0,1,0,1,1,0,1,1,0,0,0,0,0,1,0,0,0,0,0,0,0,0,1,0,0,0,0
40,40,0,0,1,0,4,0,0,0,1,2,0,0,0,0,0,0,0,0,1,0,1,0,1,0,0,1,0,0,0,0,0,0,0,0,0,0,1,1,0,0,1,1
41,41,0,0,4,0,1,0,1,0,2,0,0,0,0,1,1,0,0,0,0,0,0,1,1,0,0,0,0,0,0,0,0,0,0,2,0,0,1,1,0,0,0,0
42,42,0,0,0,0,0,1,0,0,1,0,0,0,0,0,0,0,1,2,1,1,1,1,0,1,0,1,0,0,0,0,1,0,0,0,0,0,0,1,0,0,1,1
43,43,1,1,0,2,0,0,1,0,1,0,0,1,1,0,0,0,1,0,1,1,0,1,1,0,0,0,0,0,0,0,1,1,0,0,0,0,0,1,0,0,0,0
44,44,0,0,1,0,1,0,0,0,0,0,1,0,0,0,1,1,0,0,0,0,1,1,1,0,0,0,0,0,0,0,0,1,0,0,0,0,0,1,0,1,1,1
45,45,0,0,0,0,0,1,0,0,1,0,0,0,0,0,0,0,0,0,1,1,1,0,0,0,0,0,0,0,0,0,0,1,0,0,1,0,0,1,0,0,1,1
46,46,0,0,1,0,2,3,0,0,0,2,0,0,0,0,0,0,0,0,1,1,1,0,1,1,0,0,0,0,0,0,0,0,0,0,1,1,0,0,0,0,1,1
47,47,0,0,0,0,3,1,0,0,0,0,0,0,0,0,0,0,1,0,1,0,1,1,1,2,0,0,0,0,0,1,0,1,0,0,1,0,1,1,0,0,0,0
48,48,1,1,2,0,3,0,1,0,0,0,0,0,0,1,0,0,0,0,1,0,1,0,1,0,0,0,0,0,0,0,0,0,0,1,0,0,0,0,0,0,1,0
49,49,0,0,0,0,0,0,0,1,0,0,0,0,0,0,1,1,1,0,0,0,1,1,1,0,0,0,0,1,2,0,0,1,0,0,0,0,0,1,0,0,1,0
50,50,1,2,0,0,0,1,1,1,0,0,0,0,0,1,0,0,0,0,1,0,1,1,1,0,0,0,0,0,1,0,1,0,1,0,0,0,0,1,0,0,0,0
51,51,0,1,0,2,2,1,0,2,0,0,0,0,0,0,0,0,0,0,1,1,0,1,0,0,0,0,0,0,1,0,0,0,0,1,0,0,0,1,0,0,0,0
52,52,0,0,0,1,0,2,0,0,1,0,0,0,0,0,0,1,0,2,1,0,1,1,1,0,0,0,0,0,0,0,0,1,0,1,0,0,0,1,1,0,1,1
53,53,0,0,0,0,0,0,0,0,1,1,0,0,0,0,0,0,1,2,0,0,1,0,0,0,0,0,1,0,1,0,0,0,0,0,0,0,0,0,0,0,1,1
54,54,0,1,3,0,0,0,0,0,0,0,0,1,0,0,0,0,0,0,1,1,0,1,1,1,0,1,0,0,0,0,0,1,0,0,0,0,0,0,0,0,0,0
55,55,1,2,0,1,3,0,0,0,0,0,0,0,1,0,0,0,0,0,1,1,1,0,1,0,1,0,1,0,0,0,1,0,0,0,0,0,0,1,0,0,0,0
56,56,0,0,4,0,2,1,0,0,1,0,0,0,0,1,0,0,0,0,1,0,0,1,1,0,0,0,0,0,0,0,0,0,0,0,0,0,0,0,0,0,1,0
57,57,1,2,0,1,0,0,1,1,0,0,0,0,0,0,0,1,2,0,1,1,1,1,1,0,0,0,0,0,0,0,0,0,0,0,0,0,0,1,0,0,0,0
58,58,1,1,0,1,0,0,1,1,0,0,0,0,0,1,0,0,1,0,1,1,1,1,1,0,0,1,0,0,0,0,1,0,0,0,0,0,0,1,0,0,0,0
59,59,1,2,5,0,0,1,1,0,0,0,0,1,1,1,0,0,0,0,0,1,1,0,1,1,0,0,0,0,0,0,0,0,0,0,0,0,0,1,0,0,1,0
60,60,1,1,5,1,2,0,1,0,0,0,0,0,0,1,1,0,0,0,1,0,1,1,1,0,0,0,0,0,1,0,0,0,1,0,1,0,0,1,0,0,0,0
61,61,0,2,5,0,1,1,0,0,1,1,0,1,1,0,1,0,0,0,0,1,1,1,1,0,0,0,0,0,0,0,0,0,0,0,0,0,0,1,0,0,1,0
62,62,0,0,1,0,1,3,0,0,0,0,0,0,0,0,0,0,0,0,1,1,1,1,1,0,0,0,0,0,0,0,0,1,0,0,0,0,0,1,0,0,1,1
63,63,0,1,4,0,1,0,0,0,1,0,0,1,0,1,0,0,0,0,0,1,1,1,1,0,0,0,0,0,0,0,0,0,0,0,0,0,0,0,0,0,1,0
64,64,0,1,1,0,1,0,0,0,0,0,1,0,0,0,0,0,0,0,1,0,1,1,1,1,0,0,0,0,0,1,0,1,0,0,0,0,0,1,0,0,1,1
65,65,0,0,0,0,1,2,0,0,1,1,0,0,0,0,0,0,0,0,1,0,1,1,1,0,0,0,0,0,0,0,0,0,0,0,1,0,0,1,0,0,1,1
66,66,0,0,3,0,3,0,0,0,0,1,0,0,0,1,0,1,0,0,1,1,1,1,1,0,0,0,0,0,0,0,0,0,0,0,0,0,0,1,0,0,1,1
67,67,0,0,6,0,4,0,0,0,0,1,1,0,0,0,0,0,0,0,1,0,1,1,1,1,0,0,0,0,0,0,0,1,0,0,0,0,0,1,0,0,1,1
68,68,0,0,1,0,1,1,0,0,0,0,0,0,0,0,0,0,0,0,1,0,1,1,1,0,0,0,0,0,0,0,0,1,0,0,0,0,0,1,0,0,1,1
69,69,1,2,0,1,0,1,1,0,1,0,0,1,0,0,0,0,1,0,1,1,1,1,1,0,0,0,0,0,0,0,0,0,0,0,0,0,0,1,0,0,0,0
70,70,0,0,3,0,0,0,1,0,0,0,0,0,0,0,1,1,0,0,1,1,1,1,1,0,0,0,0,0,0,0,0,1,0,0,0,0,0,1,1,0,0,1
71,71,0,1,0,2,0,0,0,0,2,0,0,0,0,0,1,0,0,0,1,0,1,1,1,0,0,0,0,0,0,0,0,0,0,0,0,0,0,1,0,0,1,0
72,72,0,1,0,0,1,0,1,0,0,0,0,0,0,1,0,0,0,0,0,1,0,0,1,0,0,0,0,0,1,1,0,0,0,0,1,0,1,1,0,0,0,0
73,73,1,1,0,1,0,2,0,0,0,0,0,0,1,0,0,0,0,0,1,1,1,1,1,1,0,0,0,0,0,0,1,1,0,0,0,0,0,1,0,0,0,0
74,74,1,1,3,0,0,1,1,0,0,0,0,0,0,0,0,0,0,0,1,0,0,1,1,1,0,0,0,0,0,0,0,1,0,1,1,0,0,1,0,0,0,0
75,75,0,0,4,0,1,0,0,0,1,0,0,0,0,0,0,0,0,0,0,0,0,1,0,0,0,0,0,0,0,0,0,1,0,0,0,0,0,1,0,0,0,0
76,76,0,0,1,0,0,3,0,0,0,1,0,0,0,0,0,0,0,0,1,1,1,1,1,0,0,0,0,0,0,0,0,0,0,0,0,1,0,1,0,0,1,1
77,77,1,1,2,0,3,0,1,0,1,0,0,0,0,0,0,0,0,0,0,1,0,1,1,0,0,0,0,0,0,0,0,0,0,0,0,0,0,1,0,0,0,0
78,78,0,1,3,1,3,2,0,0,1,0,0,0,0,1,0,1,0,0,1,1,0,0,1,0,0,0,0,0,0,1,0,0,0,0,0,0,0,0,0,0,0,0
79,79,0,1,0,1,2,1,0,0,0,0,0,0,1,0,0,1,0,0,0,1,1,1,1,0,1,0,0,0,0,0,0,0,0,0,0,0,0,1,0,0,1,1
80,80,0,1,1,0,0,0,0,0,1,0,0,0,0,0,0,0,0,2,1,0,0,0,1,0,0,0,0,0,0,0,0,0,0,0,0,0,0,1,0,0,1,1
81,81,0,0,2,0,0,2,0,0,0,0,0,0,1,0,0,1,0,0,1,1,0,1,1,1,0,0,0,0,1,0,0,0,0,0,0,0,0,1,0,0,1,1
82,82,0,0,1,0,2,0,0,0,0,0,2,0,0,0,0,1,0,0,0,0,1,1,1,0,0,0,0,0,0,0,0,1,0,0,0,0,0,1,0,0,1,1
83,83,0,0,5,0,1,1,0,0,1,0,0,0,0,0,0,0,0,0,1,0,0,1,1,0,0,0,0,0,0,0,0,0,0,0,0,0,0,1,0,0,0,1
84,84,1,1,3,0,0,1,0,1,0,0,0,0,0,0,0,0,0,0,1,1,0,1,1,0,2,0,1,0,0,0,0,0,0,0,0,0,0,1,0,0,1,1
85,85,1,0,1,0,1,0,0,0,0,0,0,0,0,0,0,1,0,0,1,0,1,1,1,0,0,0,0,0,0,0,0,1,0,0,0,0,0,1,1,0,0,1
86,86,1,1,3,0,0,1,1,0,1,0,0,0,0,0,0,0,0,0,1,1,1,1,1,0,0,0,0,0,0,1,0,0,0,0,1,0,0,1,0,0,0,0
87,87,1,1,0,2,0,0,1,1,0,0,0,0,0,0,1,0,0,0,1,1,1,1,1,0,0,0,0,0,0,0,0,1,0,1,0,1,0,1,1,0,0,0
88,88,0,0,0,0,0,0,0,0,1,0,0,0,0,0,0,1,0,0,1,0,1,1,1,1,0,0,0,1,0,0,0,1,0,0,1,1,0,1,0,0,0,1
89,89,0,0,1,0,0,0,0,0,0,0,0,0,0,1,0,1,0,0,1,0,1,1,1,0,1,0,1,0,0,0,0,0,0,0,0,0,0,1,0,0,1,1
90,90,0,0,2,0,0,1,0,0,1,0,0,0,0,0,0,0,0,0,1,1,1,1,1,0,0,0,0,0,0,0,0,0,0,0,0,0,0,1,0,0,0,1
91,91,1,0,0,1,1,0,0,0,2,0,0,0,0,1,0,0,0,0,0,0,1,1,0,0,1,0,1,0,0,0,0,0,1,1,0,0,2,1,0,0,0,0
92,92,0,0,0,0,0,3,0,2,0,1,0,0,0,0,0,1,0,0,0,1,1,1,1,0,0,0,0,0,0,1,0,0,0,0,1,0,0,1,0,0,1,1
93,93,1,1,0,1,1,0,0,1,0,0,0,0,1,0,0,0,1,0,1,0,1,1,1,0,0,0,0,0,0,0,1,0,0,0,0,0,0,1,0,0,0,0
94,94,0,1,6,0,0,1,0,0,0,0,0,0,0,0,0,1,0,0,1,0,0,1,1,1,0,0,0,0,0,0,2,0,0,0,0,0,0,1,0,0,1,1
95,95,0,0,1,0,0,2,1,0,0,0,0,0,0,1,0,0,0,0,1,1,1,1,0,0,1,0,1,0,0,0,0,0,0,0,0,0,0,1,0,0,1,1
96,96,0,0,0,0,1,0,1,0,1,0,0,0,0,1,0,0,0,0,1,0,1,1,1,1,0,1,0,0,0,0,0,1,0,1,0,0,0,1,0,0,1,0
97,97,0,0,1,0,0,0,0,1,0,2,0,0,0,0,0,0,0,0,1,0,1,1,1,0,1,0,1,0,0,1,0,1,0,0,0,0,0,1,0,0,1,1
98,98,1,0,1,0,0,0,1,0,0,0,0,0,0,1,0,0,0,0,1,0,1,1,0,0,0,0,0,0,0,1,0,0,0,1,0,1,0,1,0,0,1,0
99,99,0,0,1,0,0,0,0,0,0,1,0,0,0,0,0,1,0,0,1,1,1,1,1,0,0,0,0,0,0,0,0,0,0,1,0,0,0,1,0,0,1,1
100,100,0,0,1,0,0,0,0,0,1,0,0,0,0,1,0,0,0,0,1,0,1,1,1,1,2,0,0,0,0,0,0,1,0,0,0,0,0,1,0,0,1,1
101,101,0,0,3,0,2,0,1,0,1,1,0,0,0,0,0,0,0,0,1,1,0,1,1,0,0,0,0,0,0,0,0,0,0,1,0,0,0,1,0,0,1,1
102,102,0,0,0,0,1,0,0,0,1,0,0,0,0,0,0,0,1,0,1,0,1,1,1,0,0,0,0,0,0,0,0,1,0,0,0,0,0,1,0,0,1,0
103,103,1,1,1,0,0,0,0,0,1,0,0,0,0,0,0,0,1,0,1,1,1,1,1,0,0,0,0,0,0,0,0,0,0,0,0,0,0,1,0,0,0,0
104,104,1,1,1,0,1,0,0,0,1,0,0,0,0,0,0,1,0,0,1,0,1,1,1,0,0,0,0,0,3,0,0,0,0,0,0,0,0,1,0,0,0,0
105,105,1,1,0,0,1,0,1,0,1,0,0,0,2,0,1,0,1,0,1,1,1,1,1,0,0,0,0,0,0,0,0,0,0,0,0,0,0,1,0,0,0,0
106,106,0,0,1,0,2,1,1,0,0,0,0,0,0,0,0,0,1,0,1,0,1,1,1,0,0,0,0,0,0,1,0,1,0,0,1,1,0,1,1,0,0,0
107,107,1,0,0,1,0,0,1,0,0,0,0,0,0,1,0,0,0,0,1,0,1,1,1,0,0,0,0,0,0,0,0,1,1,0,0,0,1,1,1,0,0,0
108,108,0,1,4,0,0,1,0,0,0,0,0,0,1,0,0,0,1,0,0,0,0,0,1,2,0,0,0,0,0,0,0,1,0,0,0,0,1,1,0,0,0,0
109,109,1,1,3,0,0,0,0,0,1,0,2,0,0,0,0,0,0,0,1,0,1,1,1,0,0,0,0,0,0,0,0,0,0,0,0,0,0,1,0,0,1,1
110,110,0,1,0,1,0,2,0,1,0,0,0,0,1,0,0,1,0,2,1,0,0,1,1,0,0,0,0,1,0,0,0,1,0,0,0,0,0,1,0,0,0,1
111,111,1,1,3,0,2,0,0,0,1,0,0,0,0,1,0,0,0,0,1,0,1,1,0,0,0,0,0,0,0,1,0,0,0,0,0,0,0,1,0,0,0,0
112,112,1,1,0,1,0,0,1,1,2,0,0,0,0,1,0,0,0,0,0,0,1,1,1,0,1,0,1,0,0,0,0,0,1,1,0,0,0,1,0,0,0,0
113,113,0,0,0,0,0,2,0,0,0,0,0,0,0,0,0,0,0,2,1,0,1,1,1,0,0,0,0,1,0,0,0,1,0,0,0,0,0,1,1,0,1,1
114,114,0,0,1,0,0,2,0,0,0,0,0,0,0,0,0,0,1,0,0,0,1,1,0,0,1,0,0,0,0,0,0,0,0,0,0,2,0,1,0,0,1,1
115,115,0,0,0,0,2,1,0,0,0,1,0,0,0,0,0,1,0,0,1,1,1,1,1,1,0,0,0,0,0,0,0,0,0,1,0,0,0,1,0,0,1,1
116,116,0,1,4,0,0,1,0,0,0,0,0,1,0,0,0,1,0,0,0,1,1,1,1,2,0,0,0,1,0,0,0,1,0,0,0,0,0,1,1,0,1,1
117,117,1,0,3,0,0,0,0,0,0,0,0,0,1,1,0,1,0,1,1,0,1,1,1,1,0,0,0,0,0,0,0,0,0,0,0,0,0,1,0,0,0,1
118,118,0,0,0,0,0,0,1,0,0,0,0,0,0,0,0,1,0,0,1,0,1,1,1,0,0,0,0,0,0,0,0,1,0,0,0,0,0,0,0,0,1,1
119,119,0,0,1,0,1,1,0,0,0,0,0,0,0,1,0,0,0,0,1,0,0,1,1,0,0,0,0,0,0,0,0,1,0,0,0,0,0,1,1,0,1,1
120,120,0,0,1,0,2,0,0,0,0,0,0,0,0,0,0,1,0,0,1,0,1,1,1,0,0,0,0,0,0,0,0,1,0,0,0,0,0,1,1,0,1,1
121,121,0,0,1,0,2,1,0,0,0,0,0,0,0,0,0,1,0,0,1,0,1,0,1,0,0,0,0,0,0,0,0,1,0,0,0,0,0,1,1,1,1,1
122,122,0,0,0,0,0,0,1,0,0,0,0,0,0,1,1,0,0,0,1,0,1,1,1,0,1,0,0,0,0,0,0,0,0,0,0,0,0,1,0,0,1,1
123,123,0,0,0,0,2,1,0,0,1,0,0,0,0,0,0,0,1,0,1,0,1,1,0,0,0,0,0,0,0,0,0,1,0,0,0,0,0,1,0,0,1,1
124,124,0,0,5,0,0,0,0,2,0,0,0,0,0,0,0,0,0,2,1,1,1,1,1,0,0,0,0,0,1,0,0,0,0,0,0,0,0,1,0,0,0,1
125,125,0,1,3,0,2,2,0,0,0,1,2,0,1,0,1,1,0,0,0,0,0,1,1,0,1,0,0,1,0,0,0,1,0,0,1,0,0,1,1,0,1,1
126,126,1,1,3,0,0,2,1,0,0,0,0,0,1,0,0,0,1,0,0,1,0,1,1,0,0,0,0,0,0,0,0,0,0,0,0,0,0,0,0,0,0,0
127,127,0,2,1,0,0,0,1,0,0,0,0,0,0,1,0,1,0,0,0,0,1,1,1,0,1,0,0,0,0,0,0,1,1,0,1,1,0,1,1,0,0,0
128,128,0,1,1,0,3,1,0,0,0,1,0,0,1,0,0,1,0,0,1,1,0,0,1,0,1,0,0,0,1,1,0,0,0,0,0,0,0,1,0,0,1,1
129,129,1,0,5,0,3,1,1,0,0,0,0,0,0,1,0,1,0,0,0,0,0,0,1,0,0,0,0,1,0,0,0,0,0,0,0,0,0,1,0,0,1,0
130,130,0,1,4,0,1,0,0,0,0,0,0,0,0,0,0,0,0,0,0,0,1,0,0,0,0,0,0,0,0,0,0,0,0,0,0,0,0,1,0,0,1,1
131,131,0,0,1,0,0,0,0,0,0,0,0,0,0,1,0,0,0,0,1,0,1,0,1,1,1,0,1,0,0,0,0,0,0,0,0,1,0,0,0,1,0,1
132,132,0,0,1,0,0,2,0,0,0,0,0,0,1,0,0,1,0,0,1,1,1,1,1,1,0,0,0,0,0,0,0,0,0,0,0,0,0,1,0,0,0,1
133,133,1,0,3,0,1,0,0,1,2,0,0,0,0,0,0,0,0,2,1,0,1,1,1,0,0,0,0,0,0,1,0,0,0,0,1,0,0,1,0,0,0,1
134,134,0,1,5,0,0,0,0,0,0,0,3,1,0,0,0,1,0,2,1,0,1,1,1,0,0,0,0,0,0,0,0,0,0,0,0,0,0,1,0,0,1,1
135,135,0,0,0,0,2,0,0,0,2,1,0,0,0,0,0,0,0,0,1,1,0,1,0,0,0,0,0,0,0,0,0,0,0,0,1,0,0,1,0,0,1,1
136,136,1,0,3,0,1,1,0,0,0,1,0,1,0,0,0,1,0,0,0,1,1,1,1,1,0,0,0,0,0,0,1,0,0,1,0,0,0,1,0,0,1,1
137,137,0,1,1,0,0,0,1,0,0,0,0,0,0,1,0,1,0,0,1,0,1,1,1,0,1,0,1,0,0,0,0,1,0,0,0,0,1,1,2,0,1,1
138,138,0,0,0,0,0,1,0,0,0,0,2,0,0,1,0,0,0,0,1,0,1,1,1,0,0,0,0,0,0,0,0,1,0,0,0,0,0,1,1,0,1,1
139,139,0,0,0,0,1,0,0,0,0,0,1,0,0,0,0,1,0,0,1,0,1,1,0,0,1,0,0,0,0,0,0,1,0,1,1,0,0,1,1,0,0,1
140,140,0,0,0,0,1,0,0,0,1,0,0,0,0,0,0,0,1,0,1,1,1,1,1,0,0,0,0,0,0,0,0,0,0,0,0,0,0,1,0,0,1,1
141,141,0,0,1,0,2,0,1,0,0,1,0,0,0,0,0,1,0,0,0,0,1,1,1,1,0,0,0,0,0,1,0,1,0,1,0,0,0,1,0,0,1,1
142,142,0,1,2,1,1,0,0,0,1,0,0,0,1,0,0,0,0,0,1,1,1,1,1,0,0,0,0,0,0,0,0,0,0,0,0,0,0,1,0,0,1,0
143,143,0,0,0,0,4,0,0,0,0,0,1,0,0,0,0,1,0,0,1,0,1,0,1,1,0,0,0,0,0,0,0,0,0,0,0,0,0,1,0,0,0,1
144,144,1,2,4,0,0,0,1,0,0,0,0,0,0,1,0,0,1,0,0,0,1,1,1,0,0,0,0,0,0,0,0,1,0,0,0,0,0,1,2,0,0,0
145,145,0,1,2,0,0,0,0,0,1,0,0,1,0,0,0,0,0,0,1,0,1,0,0,0,0,0,0,0,0,0,1,0,0,0,0,0,0,0,0,0,1,0
146,146,0,0,1,0,1,1,0,0,0,0,0,0,0,0,0,1,0,0,1,0,1,1,0,0,0,0,0,0,0,0,0,1,0,0,0,0,0,1,1,0,1,1
147,147,0,1,1,0,0,0,1,0,0,0,0,0,0,1,0,0,0,2,1,0,1,0,1,0,0,0,0,0,1,0,0,1,0,0,1,0,0,1,0,0,0,1
148,148,0,0,0,0,0,2,1,0,0,0,0,0,0,1,0,1,0,0,1,1,1,1,1,0,1,0,1,0,0,0,0,0,0,0,0,1,0,1,0,0,1,1
149,149,0,0,1,0,1,2,0,0,0,0,0,0,0,0,1,1,0,0,1,0,1,1,0,0,0,0,0,0,0,0,0,1,0,0,0,0,0,1,1,0,1,1
150,150,0,0,0,0,0,3,0,0,0,2,0,0,0,0,0,1,0,0,0,0,1,1,1,0,0,0,0,0,0,1,0,0,0,0,1,0,0,1,0,0,1,1
151,151,0,0,0,0,0,0,0,0,0,0,0,0,0,1,0,0,0,0,0,0,1,0,1,0,1,0,1,0,0,0,0,0,0,0,0,0,1,1,0,0,1,1
152,152,0,1,1,0,0,0,0,0,1,0,0,0,0,0,0,1,0,0,1,1,1,1,1,1,0,0,0,0,0,0,0,0,0,0,0,0,0,1,0,0,0,1
153,153,0,0,2,0,1,1,0,0,0,0,1,0,0,0,0,0,0,0,0,0,1,1,1,0,0,0,0,0,0,0,0,1,0,0,0,0,0,1,0,0,1,1
154,154,0,0,2,0,1,2,0,1,0,3,0,0,1,0,0,0,0,0,1,1,0,1,1,0,0,1,0,0,0,0,0,0,0,0,0,0,0,0,0,0,0,1
155,155,1,1,4,1,0,0,1,0,0,0,1,0,1,0,0,1,1,0,0,0,1,1,1,0,1,0,1,0,0,1,0,0,0,0,0,0,0,1,0,0,0,0
156,156,0,0,1,0,0,0,0,0,0,0,0,0,0,0,0,0,0,2,1,0,1,0,0,0,0,0,0,0,0,0,0,1,0,1,0,0,0,1,0,0,1,1
157,157,1,0,0,0,0,0,1,0,2,0,0,1,0,1,0,0,0,0,0,1,1,1,0,0,0,0,0,0,1,0,0,0,1,0,1,0,0,1,0,0,0,0
158,158,0,0,0,0,3,0,0,0,0,0,0,0,0,0,1,1,0,0,1,0,1,1,1,0,0,0,0,1,0,0,0,0,0,0,0,0,0,1,0,0,1,1
159,159,1,1,4,0,0,0,1,2,0,0,0,0,0,1,0,0,0,0,1,0,1,1,1,0,0,1,0,0,0,0,1,0,1,0,0,0,0,1,0,0,0,0
160,160,0,0,5,0,1,0,0,0,1,0,0,0,0,0,0,0,0,0,1,1,0,0,1,0,1,0,0,0,0,0,0,0,0,0,0,0,0,0,0,0,0,1
161,161,1,2,4,0,0,0,0,0,0,0,0,1,0,0,0,0,0,0,1,1,1,1,1,0,0,0,0,0,0,0,0,0,0,0,0,0,0,1,0,0,0,0
162,162,0,0,4,0,0,2,0,1,0,0,0,0,0,0,0,0,0,0,0,1,0,1,1,0,0,0,0,0,1,0,0,0,0,0,0,0,0,0,0,0,0,1
163,163,0,1,5,0,0,1,0,0,2,0,0,0,0,0,0,0,0,2,1,0,0,1,1,0,0,0,0,0,0,0,1,0,0,0,0,0,0,1,0,0,1,1
164,164,0,0,3,0,0,0,0,1,1,0,0,0,0,1,1,0,0,0,1,0,1,1,1,0,1,0,0,0,0,0,0,1,0,0,0,0,0,1,1,0,1,0
165,165,0,0,0,0,0,0,0,0,0,0,0,0,0,1,0,0,0,0,1,0,1,1,1,0,1,0,1,0,1,0,0,0,1,0,0,1,0,1,0,0,1,1
166,166,0,1,4,0,0,2,0,0,2,0,1,0,1,0,0,1,0,2,1,0,1,1,1,0,0,0,0,0,0,0,0,0,0,0,0,0,0,0,0,0,1,1
167,167,1,1,0,2,4,1,0,0,0,0,0,1,0,1,0,1,0,0,1,0,0,0,1,0,0,0,0,0,0,1,1,0,0,0,0,0,0,1,0,0,0,0
168,168,1,0,1,0,2,0,0,0,1,0,0,0,0,0,0,0,0,0,1,1,1,1,1,0,0,0,0,0,0,0,0,0,0,0,0,0,0,1,0,0,0,1
169,169,0,1,0,0,0,1,0,0,0,0,1,0,0,1,0,0,0,0,0,1,1,1,1,1,1,0,1,0,0,0,0,0,1,0,0,1,0,1,0,0,1,1
170,170,0,1,3,0,0,3,0,0,1,0,0,0,0,0,0,1,0,2,1,1,0,1,1,1,0,0,0,0,0,0,1,1,0,0,0,0,0,1,0,0,1,1
171,171,1,0,2,0,0,0,1,1,2,0,0,0,0,1,0,0,1,0,0,0,1,1,0,0,2,0,1,0,0,0,1,0,0,0,0,0,0,1,0,0,0,0
172,172,1,0,3,0,0,0,0,0,0,0,0,0,0,0,0,0,0,0,1,0,0,0,0,1,0,0,0,0,0,0,0,1,0,0,0,0,0,1,0,0,1,0
173,173,1,0,1,0,1,3,1,0,0,0,0,0,0,0,0,1,0,0,1,1,1,1,1,1,0,0,0,0,0,0,0,0,0,1,0,0,0,1,0,0,1,1
174,174,1,1,4,0,2,0,1,0,0,0,0,1,0,1,0,0,0,0,1,0,1,1,1,0,0,0,0,0,0,0,1,0,0,0,0,0,0,1,0,0,0,0
175,175,0,0,0,0,2,0,0,0,0,0,0,0,0,0,0,0,1,0,1,1,0,0,1,0,1,0,1,0,1,0,0,0,0,0,0,0,1,1,0,0,1,1
176,176,1,1,1,0,0,1,1,0,0,0,0,0,0,1,0,0,0,0,1,1,1,1,1,0,1,2,0,0,0,0,0,0,1,0,0,1,0,1,0,0,0,0
177,177,0,0,0,0,0,0,0,0,0,0,0,0,1,1,1,0,0,2,1,0,1,1,1,0,0,0,0,0,0,0,0,1,0,0,0,0,0,1,1,0,1,1
178,178,0,3,0,1,0,0,1,0,0,0,0,0,0,1,0,1,0,0,0,0,1,0,1,0,0,0,0,0,0,0,0,0,0,0,0,0,0,1,1,0,1,0
179,179,0,0,2,0,0,2,0,0,0,0,0,1,0,0,0,0,0,0,0,0,1,1,1,0,0,1,0,0,1,0,0,0,0,0,0,0,0,1,0,0,1,1
180,180,1,0,3,0,3,0,0,0,0,1,3,1,1,1,0,0,0,0,0,0,1,1,1,0,0,0,0,0,0,0,0,0,0,0,0,0,0,1,0,0,1,1
181,181,0,0,2,0,1,2,0,0,1,0,0,0,0,0,0,0,0,0,0,0,0,0,1,0,0,0,0,0,0,0,0,1,0,0,1,0,0,1,0,0,0,1
182,182,1,1,0,1,2,1,1,0,1,0,0,0,1,0,0,1,0,0,0,0,0,1,1,0,1,0,1,0,0,0,0,0,0,0,0,0,0,1,0,0,0,0
183,183,0,0,0,0,0,1,0,0,0,0,1,0,0,1,0,1,0,0,1,1,1,1,1,1,1,0,1,0,0,0,0,0,1,0,0,2,0,1,0,0,1,1
184,184,0,1,2,1,0,0,0,0,1,0,0,0,0,0,1,0,0,0,1,0,1,1,1,0,0,0,0,0,0,0,0,0,0,0,0,0,0,1,0,0,1,0
185,185,0,0,0,0,0,1,1,0,0,0,0,0,0,1,0,0,1,0,1,1,1,0,1,0,1,0,1,0,0,0,0,0,0,0,0,0,1,1,0,0,1,1
186,186,0,0,0,0,3,0,0,0,0,0,0,0,0,0,0,1,2,0,0,0,1,0,1,1,0,0,0,0,0,0,0,0,0,0,0,2,0,1,0,0,1,0
187,187,0,1,4,0,0,0,0,2,1,0,0,0,0,0,0,0,0,0,1,0,0,1,1,0,0,0,0,0,0,0,0,1,0,0,0,0,0,1,0,0,0,0
188,188,1,1,4,0,1,0,1,0,1,0,0,1,2,0,0,0,1,0,0,1,1,0,1,0,0,0,0,0,0,0,0,0,0,0,0,0,0,1,0,0,0,0
189,189,0,0,1,0,1,3,0,0,1,0,0,0,0,1,0,0,0,0,1,1,1,1,1,0,0,1,0,0,0,0,0,1,0,0,0,0,0,0,1,0,0,1
190,190,0,1,3,0,1,2,0,0,0,1,0,1,1,1,0,0,0,0,1,1,1,1,1,0,0,0,0,1,0,0,0,1,0,0,0,0,0,1,1,0,1,1
191,191,1,1,3,0,0,0,1,0,0,0,0,1,0,1,1,0,0,0,1,0,1,1,1,0,0,0,0,0,0,0,0,0,0,0,0,1,0,1,0,0,0,0
192,192,1,0,2,0,1,2,0,0,0,1,1,0,0,0,0,0,0,0,0,1,1,1,1,1,0,0,0,0,0,0,0,0,0,1,0,0,0,1,0,0,1,1
193,193,0,0,3,0,2,3,0,0,0,1,0,0,0,1,0,1,0,0,0,1,0,1,1,0,0,0,0,0,0,0,0,0,0,0,0,0,0,1,0,0,1,1
194,194,0,1,2,0,0,0,0,1,0,0,0,0,0,0,0,0,2,0,1,0,0,1,1,0,0,0,0,0,0,0,0,0,0,0,0,0,0,1,0,0,0,0
195,195,0,1,0,1,3,0,0,1,1,0,0,0,1,1,0,1,0,0,1,0,1,1,1,0,0,0,0,1,0,0,0,1,0,0,0,0,0,1,1,0,0,0
196,196,0,0,0,0,0,0,1,0,1,0,0,0,0,1,0,0,0,0,1,1,1,1,1,0,1,0,1,0,0,0,0,0,0,0,0,1,0,1,0,0,1,1
197,197,1,0,0,0,0,0,0,0,1,0,0,0,0,0,0,0,0,0,1,1,1,1,1,0,1,0,0,0,1,0,0,0,0,0,0,0,0,1,0,0,0,1
198,198,0,0,2,0,0,0,0,0,1,0,2,0,0,0,0,1,0,0,0,0,0,1,0,0,0,0,0,1,0,0,0,0,0,0,1,0,0,0,0,0,0,1
199,199,1,1,3,0,4,0,0,1,0,1,0,0,0,0,0,0,0,0,1,0,1,1,1,0,0,1,0,0,0,0,0,0,0,1,0,0,0,1,0,0,0,0
200,200,0,1,3,0,0,1,0,0,0,1,1,0,0,1,0,1,0,0,0,1,1,1,1,0,0,0,0,0,0,0,0,0,0,0,0,0,0,1,0,0,1,1
201,201,0,1,0,2,0,0,0,0,1,0,0,0,0,1,0,1,0,0,1,0,1,1,1,1,0,0,0,1,0,0,0,0,0,0,0,0,0,1,1,0,0,0
202,202,0,1,1,1,2,1,1,0,0,0,0,0,0,1,0,0,0,0,1,1,1,1,1,0,0,0,0,0,0,0,0,0,0,0,0,0,0,1,0,0,0,0
203,203,0,0,1,0,2,1,0,0,0,0,0,0,0,1,0,0,0,0,1,1,1,0,1,0,0,0,0,0,0,0,0,0,0,0,0,0,0,1,0,0,1,1
204,204,1,1,2,0,2,0,1,1,0,0,0,1,0,1,0,0,1,0,1,1,1,1,0,0,0,0,0,0,0,0,0,0,1,0,0,0,1,1,0,0,0,0
205,205,0,0,0,0,0,0,0,0,2,0,1,0,0,0,0,0,1,0,0,1,1,1,1,1,0,0,0,1,0,0,0,0,0,0,0,1,0,0,0,0,0,1
206,206,0,0,3,0,3,0,1,1,1,0,0,0,0,0,0,0,0,0,1,1,0,1,1,0,0,0,0,0,0,0,0,0,0,1,0,0,0,1,0,0,1,0
207,207,0,2,0,1,0,0,0,1,1,0,0,0,1,0,0,1,0,0,1,1,1,1,1,0,0,1,0,0,0,1,0,0,0,0,1,0,0,1,0,0,0,0
208,208,0,0,3,0,0,2,0,0,0,0,0,0,0,1,0,0,0,0,1,0,1,1,1,0,0,0,0,0,0,0,0,0,0,0,0,0,0,1,0,0,1,1
209,209,0,0,3,0,2,3,0,0,0,1,0,0,0,1,0,0,0,0,1,1,1,1,1,0,0,0,0,0,0,0,0,0,0,0,0,0,0,1,0,0,1,1
210,210,0,0,1,0,0,0,1,0,0,0,0,0,0,0,0,0,1,0,1,0,1,1,1,0,1,0,1,0,1,0,0,0,0,0,0,0,0,1,0,0,0,1
211,211,0,1,3,1,0,0,0,0,0,0,0,1,0,0,0,0,0,0,1,0,0,1,0,0,0,0,0,0,0,0,0,0,0,0,0,0,0,1,0,0,1,0
212,212,1,1,5,0,0,0,0,0,0,0,0,0,0,0,0,0,0,0,1,1,1,1,1,0,1,0,1,0,0,0,2,0,0,0,0,0,0,0,0,0,0,1
213,213,0,1,3,0,1,0,0,0,0,0,3,1,0,0,0,1,0,0,0,0,1,0,1,0,0,0,0,0,0,0,0,1,0,0,1,0,0,1,1,0,1,1
214,214,0,1,2,0,0,2,0,0,0,0,0,0,0,1,0,0,0,0,1,1,0,1,1,0,1,0,1,0,0,0,0,0,0,0,0,0,0,1,0,0,1,1
215,215,0,1,2,0,0,0,1,0,2,0,0,1,0,0,1,0,0,0,1,0,1,1,0,0,0,2,1,0,0,0,0,0,1,0,0,0,0,1,0,0,0,0
216,216,0,0,1,0,3,1,0,0,0,2,1,0,0,0,0,1,0,0,1,0,0,1,1,1,0,0,0,0,0,0,0,0,0,0,0,0,0,1,0,0,1,1
217,217,0,0,2,0,3,2,0,0,0,0,1,0,0,0,0,1,0,0,1,1,1,1,1,0,0,0,0,0,0,0,0,0,0,0,0,0,0,1,0,0,1,1
218,218,0,0,2,0,2,0,0,0,0,1,2,0,0,0,0,1,0,0,1,0,1,1,0,0,0,0,0,0,0,0,0,0,0,0,0,0,0,1,0,0,1,1
219,219,0,1,3,1,1,0,1,1,0,0,0,0,0,1,0,0,0,0,0,0,1,1,1,0,0,1,0,0,0,0,0,0,0,0,0,0,0,1,0,0,0,0
220,220,0,0,0,0,0,3,0,0,0,0,0,0,0,0,0,0,0,2,0,1,1,0,1,0,2,0,1,0,0,0,0,0,0,0,0,1,0,1,0,0,1,1
221,221,0,0,0,1,2,1,0,0,0,1,0,0,0,0,0,0,0,0,0,1,1,0,1,0,1,0,1,0,0,0,0,0,0,1,0,0,0,1,0,0,0,1
222,222,0,1,1,0,0,1,0,0,1,0,0,0,1,0,0,0,0,0,1,1,1,1,1,0,0,0,0,0,0,0,0,0,0,0,0,0,0,0,0,0,0,1
223,223,0,0,1,0,0,0,0,0,0,0,0,0,0,0,0,1,1,0,0,0,1,0,1,1,0,0,0,0,0,0,0,1,0,0,0,0,0,1,0,0,1,1
224,224,0,0,1,0,1,0,0,0,1,0,0,0,0,0,1,1,0,0,1,0,1,1,1,1,0,1,0,0,1,0,0,0,0,0,0,0,0,1,0,0,0,0
225,225,0,0,0,0,0,1,0,0,0,0,0,0,0,0,0,0,0,0,1,1,1,0,1,0,0,1,0,0,0,0,0,0,0,0,0,0,0,1,0,0,1,1
226,226,0,1,0,1,0,0,1,0,1,0,0,0,1,0,0,0,0,0,1,1,1,0,1,0,0,0,0,0,0,0,0,0,0,0,0,0,0,1,0,0,1,0
227,227,0,0,2,0,0,0,0,1,0,0,0,0,0,1,1,0,0,0,1,0,1,1,1,0,1,0,1,0,0,0,0,1,0,0,0,0,0,1,1,0,1,0
228,228,0,1,3,0,1,0,0,0,2,0,0,1,1,0,0,1,0,0,0,0,0,1,1,1,0,0,0,0,0,1,0,0,0,0,0,0,0,1,0,0,0,0
229,229,1,0,3,0,3,0,0,1,0,0,0,0,0,0,0,0,0,0,1,0,0,1,1,1,0,0,0,0,0,0,0,1,0,0,0,0,0,0,0,0,0,0
230,230,0,1,2,0,0,2,1,0,1,0,1,0,0,0,0,0,0,0,1,1,1,1,1,0,0,0,0,0,0,1,0,1,0,0,1,0,0,1,1,0,0,1
231,231,0,0,2,1,0,0,0,0,1,0,0,1,0,0,0,0,0,0,1,1,1,1,1,0,2,0,1,0,0,0,0,0,0,1,0,0,0,1,0,0,0,1
232,232,0,0,1,0,2,3,0,0,0,1,0,0,0,1,0,1,0,0,0,1,0,1,1,0,0,0,0,0,0,1,0,0,0,1,0,0,0,0,0,0,1,1
233,233,1,1,5,0,0,1,1,0,0,0,0,0,0,0,0,0,0,2,1,1,0,1,1,0,2,0,0,0,0,0,1,0,0,0,1,0,0,1,0,0,0,1
234,234,0,1,0,2,0,1,1,0,0,0,0,0,0,0,0,0,1,0,1,1,0,1,1,0,0,0,0,0,0,0,0,0,0,0,0,0,0,0,0,0,0,0
235,235,1,0,1,0,3,0,0,0,0,1,0,0,0,1,0,1,0,0,1,0,0,1,1,1,0,0,0,1,0,0,0,1,0,1,0,0,0,0,1,0,1,1
236,236,0,0,0,0,0,1,1,1,1,0,0,0,0,1,0,0,0,0,1,1,0,1,1,0,1,0,1,0,1,0,0,0,0,0,0,0,0,0,0,0,0,1
237,237,0,0,1,0,0,0,0,0,0,0,0,0,0,1,0,0,0,0,1,0,1,1,1,0,2,0,0,0,0,0,0,1,0,0,0,1,0,1,1,0,1,1
238,238,0,0,0,0,0,1,0,0,1,0,0,0,0,0,0,0,1,2,1,0,1,1,1,1,0,0,0,0,0,0,0,1,0,0,0,0,0,1,0,0,1,1
239,239,0,0,0,0,3,0,0,0,0,2,0,0,0,0,0,1,0,0,1,0,1,1,1,0,0,0,0,0,0,1,0,0,0,0,0,0,0,1,0,0,1,1
240,240,1,0,0,0,0,0,1,1,0,1,0,0,0,0,1,0,0,0,0,1,0,1,1,0,0,2,0,0,0,1,0,0,0,0,0,0,1,1,0,0,0,0
241,241,0,0,1,0,1,0,0,0,0,0,0,0,0,0,1,1,0,0,1,0,1,1,1,0,0,0,0,0,0,0,0,1,0,0,0,0,0,1,0,0,1,1
242,242,0,1,1,1,0,0,0,1,0,0,0,0,0,0,0,1,0,1,0,0,0,1,1,1,0,0,0,0,0,0,0,1,0,0,0,0,0,1,0,0,1,0
243,243,1,2,4,0,0,0,1,0,0,0,0,0,0,0,0,0,2,0,1,0,1,1,1,0,0,0,0,0,0,0,0,0,0,0,0,0,0,1,0,0,0,0
244,244,0,0,2,0,0,1,1,0,0,0,1,0,0,1,0,0,0,0,0,0,0,1,1,0,1,0,1,0,0,0,0,0,0,0,0,0,0,1,0,0,1,1
245,245,0,1,4,0,0,2,0,0,0,0,0,0,0,0,0,0,2,0,1,1,1,1,1,0,0,0,0,0,0,0,0,0,0,0,0,0,0,1,0,0,0,1
246,246,1,2,0,1,0,0,1,1,0,0,0,0,0,0,0,1,2,0,1,1,1,1,1,0,0,0,0,0,0,0,0,0,0,0,0,0,0,1,0,0,0,0
247,247,1,2,4,0,0,0,1,1,1,0,0,0,0,0,0,0,1,0,0,0,1,1,0,0,1,0,1,0,1,0,0,0,0,0,0,0,0,0,0,0,0,0
248,248,0,1,1,0,0,0,1,0,2,0,0,0,0,1,0,0,0,0,1,0,1,0,1,0,2,0,0,0,1,0,0,0,0,0,1,0,0,1,0,0,1,0
249,249,0,0,0,0,0,2,1,0,1,1,0,0,0,1,0,0,0,0,0,0,1,1,0,0,0,0,0,0,0,0,0,0,0,0,0,0,0,1,0,0,0,1
250,250,0,0,0,0,0,0,0,0,1,0,0,0,0,0,1,0,0,0,0,0,1,0,1,0,0,0,0,0,0,0,0,0,0,0,0,0,0,1,0,0,1,1
251,251,0,0,0,0,0,0,0,0,0,0,1,0,0,1,0,0,0,0,1,1,1,1,1,1,1,0,1,0,0,0,0,0,0,0,0,1,0,0,0,0,1,1
252,252,0,0,1,0,0,0,0,0,0,0,0,0,0,1,0,1,0,0,1,1,1,1,1,1,0,0,0,0,0,0,0,0,0,0,0,0,0,1,0,0,0,1
253,253,1,0,2,0,0,1,0,0,1,0,0,1,0,1,0,0,0,0,1,1,0,0,1,0,0,0,0,0,1,0,0,0,1,0,0,0,0,1,0,0,0,0
254,254,1,0,1,0,0,1,0,1,0,2,1,0,0,0,0,0,0,0,1,0,1,1,0,1,0,0,0,0,0,0,0,1,0,0,0,0,0,1,0,0,0,1
255,255,1,0,1,0,0,0,1,0,0,0,0,1,0,1,0,0,0,0,0,0,1,1,1,0,0,0,0,0,1,0,0,0,0,0,0,0,0,1,0,0,0,0
256,256,0,1,3,0,0,0,0,1,1,1,0,0,0,0,0,0,0,0,1,0,1,1,1,0,0,0,0,0,1,0,0,1,0,0,0,0,0,1,0,0,1,1
257,257,0,0,5,0,3,0,0,1,0,0,0,0,0,0,0,1,0,0,1,0,1,1,1,0,0,0,0,1,0,0,0,1,0,1,0,0,0,1,1,0,1,1
258,258,0,1,0,0,3,1,0,0,0,0,0,0,1,1,0,1,0,0,1,0,1,0,1,0,0,0,1,0,0,1,0,0,0,0,0,0,0,1,0,0,1,1
259,259,0,0,0,0,0,2,0,0,0,0,0,0,0,0,0,0,0,0,1,1,1,0,0,0,1,0,1,0,0,0,0,0,0,0,0,1,0,1,0,0,1,1
260,260,1,0,4,0,0,0,0,2,0,0,0,0,0,0,0,1,0,2,1,0,1,1,1,0,0,0,0,0,1,0,0,1,0,1,0,0,0,1,0,0,0,1
261,261,1,0,1,0,0,0,0,2,0,0,0,0,0,1,1,0,0,0,1,0,1,1,1,0,0,0,0,0,0,0,0,0,1,0,1,1,0,1,0,0,0,0
262,262,0,0,1,0,0,2,0,0,0,0,0,1,0,0,0,1,0,0,1,1,1,1,1,0,0,2,0,0,0,0,0,1,0,0,0,0,0,1,1,0,1,1
263,263,1,2,0,1,0,1,0,0,1,0,0,0,0,0,0,0,0,0,0,0,0,1,1,1,2,0,1,0,0,0,0,0,0,1,0,0,1,1,0,0,0,0
264,264,0,0,0,0,0,1,0,0,0,2,0,0,1,0,0,1,0,0,0,1,1,1,1,0,1,0,1,0,0,0,0,0,0,0,0,0,0,1,0,0,1,1
265,265,0,0,0,0,0,0,0,0,0,0,1,0,0,1,0,0,0,0,0,0,0,0,1,0,0,0,0,0,0,0,0,0,0,0,0,0,0,1,1,0,1,1
266,266,0,0,0,0,0,2,0,0,0,0,0,0,0,0,0,1,0,0,1,1,1,1,1,1,1,1,0,0,0,0,0,0,0,0,1,0,0,1,0,0,1,1
267,267,1,1,3,0,1,1,1,0,0,0,0,0,0,0,0,0,0,0,0,1,1,1,1,0,0,0,0,0,0,1,0,0,0,0,0,0,0,0,0,0,0,0
268,268,0,0,3,0,0,0,0,2,0,0,0,0,0,1,0,0,1,0,1,0,1,1,1,0,0,0,0,0,2,0,0,1,0,0,0,1,0,1,1,0,0,0
269,269,0,0,0,0,0,1,0,0,1,0,0,0,0,0,0,0,0,0,1,1,1,1,1,0,0,1,0,0,1,0,0,0,0,0,0,0,0,1,0,0,0,1
270,270,1,1,1,0,2,0,0,0,0,0,0,0,0,0,0,0,0,0,1,1,1,1,1,0,0,0,0,0,0,0,0,0,0,0,1,1,0,1,0,0,0,0
271,271,0,0,3,0,2,1,1,0,0,0,0,0,0,1,0,0,0,0,1,0,0,1,1,0,0,0,0,0,0,0,0,1,0,0,0,0,0,1,1,0,1,0
272,272,0,1,0,2,0,0,0,1,1,0,0,0,0,0,0,0,0,2,1,0,1,1,1,0,0,0,0,0,0,0,0,0,0,0,0,0,0,0,0,0,0,1
273,273,0,0,0,0,1,2,0,0,1,0,0,0,0,0,0,0,1,2,0,1,1,1,1,0,0,0,0,0,0,0,0,0,0,0,1,0,0,0,0,0,1,1
274,274,0,0,3,0,2,0,0,0,0,0,1,0,0,0,0,1,0,0,1,0,0,1,0,0,0,0,0,0,0,0,0,1,0,0,0,0,0,0,1,0,1,1
275,275,0,1,2,0,2,0,0,1,0,0,0,0,0,0,0,0,0,0,1,0,0,1,0,0,1,0,1,0,0,0,0,0,0,0,0,0,0,0,0,0,1,1
276,276,0,0,1,0,0,0,0,0,0,1,0,0,1,1,0,1,0,0,0,0,1,1,1,0,0,0,0,0,0,0,0,0,0,0,0,0,0,1,0,0,1,1
277,277,1,1,3,0,1,0,0,0,0,0,0,2,0,1,0,0,0,0,1,1,1,1,1,0,0,0,0,0,0,0,0,0,0,0,0,1,0,1,0,0,0,0
278,278,0,0,2,0,1,1,0,0,0,2,2,0,0,1,0,0,0,0,1,1,1,1,1,0,0,0,0,0,0,0,0,0,0,0,1,0,0,1,0,0,1,1
279,279,0,2,3,0,0,1,1,0,0,0,0,0,0,1,0,0,0,0,1,1,1,1,1,0,1,0,1,0,0,0,0,0,0,0,0,0,0,1,0,0,1,1
280,280,1,0,0,2,0,0,0,0,1,0,0,1,0,1,1,0,0,0,1,0,1,1,1,0,0,0,0,0,0,0,0,0,0,0,0,0,0,1,0,0,1,0
281,281,1,0,1,0,1,0,0,0,0,0,0,0,0,1,1,0,0,0,1,0,1,1,1,0,0,0,0,1,0,0,0,0,0,0,0,0,0,1,1,0,0,0
282,282,1,1,0,2,0,0,1,0,1,0,0,1,1,0,0,0,1,0,1,0,1,1,1,0,0,0,0,0,0,0,1,1,0,0,0,0,0,1,0,0,0,0
283,283,0,0,0,1,0,1,0,0,1,0,1,0,0,0,1,1,0,1,1,0,1,1,1,0,0,0,0,0,0,0,0,1,0,0,0,0,0,1,0,0,1,1
284,284,0,0,0,0,0,1,0,0,0,0,0,0,0,1,0,0,0,2,0,0,1,0,1,0,1,0,0,0,1,0,0,0,0,0,0,0,0,1,0,0,1,1
285,285,0,0,0,0,1,1,0,0,0,0,0,0,0,0,0,1,0,0,1,0,1,1,0,0,0,0,0,0,0,0,0,1,0,0,0,0,0,1,1,1,1,1
286,286,1,0,1,0,0,0,0,0,0,0,0,0,0,0,0,0,0,0,0,1,0,1,1,0,0,0,0,0,0,1,0,0,0,0,1,0,0,0,0,0,0,0
287,287,0,0,1,0,0,2,1,0,0,0,0,0,0,0,0,0,0,0,1,1,1,1,1,0,1,0,1,1,1,0,0,0,0,1,0,0,0,1,0,0,0,1
288,288,1,0,3,0,1,2,1,0,0,0,0,0,0,0,0,1,0,0,1,1,1,1,1,0,0,0,0,0,0,0,0,0,0,0,0,0,0,1,0,0,1,1
289,289,0,1,5,0,0,0,1,1,0,0,0,0,1,0,0,0,1,0,1,0,1,1,1,0,1,0,0,0,0,0,0,0,0,0,0,1,0,1,0,0,0,0
290,290,1,1,2,0,0,0,1,1,0,0,0,0,1,1,0,0,0,0,1,0,1,1,1,0,0,1,0,0,1,0,0,0,0,0,0,1,0,1,0,0,0,0
291,291,0,0,1,0,1,0,0,0,0,0,1,0,0,0,0,1,0,0,0,0,1,1,1,0,0,0,0,0,0,0,0,1,0,0,0,0,0,1,1,0,1,1
292,292,1,0,2,0,2,1,0,0,0,0,0,0,0,0,0,0,0,0,1,1,0,1,0,0,0,0,0,0,0,0,0,0,0,0,0,0,0,1,0,1,0,1
293,293,0,0,2,0,0,3,1,0,0,0,0,0,0,0,0,0,0,0,1,1,0,1,0,1,1,0,0,0,1,0,0,0,0,1,0,0,0,1,0,0,0,1
294,294,1,1,0,2,0,0,1,2,0,0,0,0,0,0,0,1,2,0,1,1,1,1,1,0,0,0,0,0,0,0,0,1,0,0,0,0,0,0,0,0,0,0
295,295,0,0,0,0,2,2,0,0,0,1,0,0,0,0,0,0,0,0,1,1,1,0,0,0,1,0,0,0,1,0,0,0,0,0,0,1,0,1,0,0,1,1
296,296,0,0,0,0,0,0,0,0,1,0,0,0,0,0,0,1,1,2,1,0,1,0,1,0,0,0,0,0,0,0,0,0,0,0,1,0,0,0,0,0,1,1
297,297,0,1,6,1,0,1,1,1,1,0,0,0,0,1,0,1,0,0,0,0,1,1,0,1,0,0,0,0,0,0,0,1,0,0,0,0,0,1,0,0,0,0
298,298,0,0,1,0,0,0,1,0,0,0,0,0,0,0,1,1,0,0,1,0,1,1,1,0,0,0,0,0,0,0,0,1,0,0,0,0,0,1,1,0,1,1
299,299,1,1,3,0,2,0,1,1,0,0,0,0,1,1,0,0,0,0,0,1,1,1,1,0,0,0,0,0,0,0,0,0,0,0,0,0,0,1,0,0,0,0
300,300,1,1,0,2,0,1,1,0,0,0,0,1,1,0,0,0,1,0,1,0,1,1,1,0,0,0,0,0,0,0,1,0,0,0,0,0,0,1,0,0,0,0
